STUDENT PERFORMANCE ANALYTICS REPORT
====================================

Students: 200
Subjects: 5

SUBJECT STATISTICS
------------------
Mean: [51.055 49.315 49.725 50.69  48.9  ]
Median: [52.5 49.5 52.  51.  46.5]
Standard Deviation: [29.2583659  30.84470416 29.89631039 29.999565   29.79916106]
Minimum: [0 0 1 0 0]
Maximum: [100 100 100 100 100]

TOP 10 STUDENTS
---------------
Student indices: [ 46  38  63  28  76 103 147 105 116 177]

AT-RISK STUDENTS
----------------
Threshold: 40
Number of at-risk students: 47
Student indices: [  4  11  14  22  24  25  26  29  34  36  39  44  47  55  58  59  61  67
  70  73  81  82  84  86  95  98 108 109 111 114 115 130 134 135 136 145
 149 150 159 169 171 179 180 184 189 193 197]

SUBJECT CORRELATION
-------------------
[[ 1.     0.035  0.011 -0.079 -0.012]
 [ 0.035  1.     0.004 -0.029 -0.03 ]
 [ 0.011  0.004  1.     0.013 -0.037]
 [-0.079 -0.029  0.013  1.     0.087]
 [-0.012 -0.03  -0.037  0.087  1.   ]]
